 180 1
 37 1
 917 1
 172 1
 921 1
 829 1
 785 1
 808 1
 195 1
 215 1
 234 1
 851 1
 221 1
 452 1
 748 1
 935 1
 917 1
 495 1
 1003 1
 1016 1
 942 1
 2400 1
 826 1
 794 1
 800 1
 795 1
 666 1
 800 1
 625 1
 583 1
 533 1
 768 1
 832 1
 819 1
 780 1
 449 1
 810 1
 800 1
 469 1
 780 1
 798 1
 812 1
 475 1
 784 1
 776 1
 771 1
 800 1
 798 1
 486 1
 787 1
 3833 1
 475 1
 780 1
 756 1
 791 1
 777 1
 750 1
 754 1
 73 1
 746 1
 723 1
 724 1
 749 1
 723 1
 729 1
 768 1
 477 1
 720 1
 726 1
 737 1
 728 1
 461 1
 732 1
 779 1
 755 1
 737 1
 451 1
 784 1
 763 1
 735 1
 477 1
 731 1
 777 1
 808 1
 754 1
 448 1
 747 1
 457 1
 754 1
 753 1
 755 1
 482 1
 752 1
 748 1
 742 1
 459 1
 766 1
 454 1
 761 1
 757 1
 765 1
 463 1
 746 1
 749 1
 733 1
 3806 1
 3850 1
 756 1
 1366 1
 3878 1
 5 1
 17 1
 41762 1
